%YAML:1.0
aruco_bc_nmarkers: 88
aruco_bc_mInfoType: 0
aruco_bc_markers:
   - { corners:[ [ -650., -470., 0. ], [ -550., -470., 0. ], [ -550.,
       -370., 0. ], [ -650., -370., 0. ] ], id:748 }
   - { corners:[ [ -530., -470., 0. ], [ -430., -470., 0. ], [ -430.,
       -370., 0. ], [ -530., -370., 0. ] ], id:420 }
   - { corners:[ [ -410., -470., 0. ], [ -310., -470., 0. ], [ -310.,
       -370., 0. ], [ -410., -370., 0. ] ], id:965 }
   - { corners:[ [ -290., -470., 0. ], [ -190., -470., 0. ], [ -190.,
       -370., 0. ], [ -290., -370., 0. ] ], id:275 }
   - { corners:[ [ -170., -470., 0. ], [ -70., -470., 0. ], [ -70.,
       -370., 0. ], [ -170., -370., 0. ] ], id:739 }
   - { corners:[ [ -50., -470., 0. ], [ 50., -470., 0. ], [ 50., -370.,
       0. ], [ -50., -370., 0. ] ], id:417 }
   - { corners:[ [ 70., -470., 0. ], [ 170., -470., 0. ], [ 170., -370.,
       0. ], [ 70., -370., 0. ] ], id:60 }
   - { corners:[ [ 190., -470., 0. ], [ 290., -470., 0. ], [ 290., -370.,
       0. ], [ 190., -370., 0. ] ], id:541 }
   - { corners:[ [ 310., -470., 0. ], [ 410., -470., 0. ], [ 410., -370.,
       0. ], [ 310., -370., 0. ] ], id:111 }
   - { corners:[ [ 430., -470., 0. ], [ 530., -470., 0. ], [ 530., -370.,
       0. ], [ 430., -370., 0. ] ], id:1007 }
   - { corners:[ [ 550., -470., 0. ], [ 650., -470., 0. ], [ 650., -370.,
       0. ], [ 550., -370., 0. ] ], id:812 }
   - { corners:[ [ -650., -350., 0. ], [ -550., -350., 0. ], [ -550.,
       -250., 0. ], [ -650., -250., 0. ] ], id:993 }
   - { corners:[ [ -530., -350., 0. ], [ -430., -350., 0. ], [ -430.,
       -250., 0. ], [ -530., -250., 0. ] ], id:406 }
   - { corners:[ [ -410., -350., 0. ], [ -310., -350., 0. ], [ -310.,
       -250., 0. ], [ -410., -250., 0. ] ], id:190 }
   - { corners:[ [ -290., -350., 0. ], [ -190., -350., 0. ], [ -190.,
       -250., 0. ], [ -290., -250., 0. ] ], id:663 }
   - { corners:[ [ -170., -350., 0. ], [ -70., -350., 0. ], [ -70.,
       -250., 0. ], [ -170., -250., 0. ] ], id:713 }
   - { corners:[ [ -50., -350., 0. ], [ 50., -350., 0. ], [ 50., -250.,
       0. ], [ -50., -250., 0. ] ], id:588 }
   - { corners:[ [ 70., -350., 0. ], [ 170., -350., 0. ], [ 170., -250.,
       0. ], [ 70., -250., 0. ] ], id:840 }
   - { corners:[ [ 190., -350., 0. ], [ 290., -350., 0. ], [ 290., -250.,
       0. ], [ 190., -250., 0. ] ], id:279 }
   - { corners:[ [ 310., -350., 0. ], [ 410., -350., 0. ], [ 410., -250.,
       0. ], [ 310., -250., 0. ] ], id:957 }
   - { corners:[ [ 430., -350., 0. ], [ 530., -350., 0. ], [ 530., -250.,
       0. ], [ 430., -250., 0. ] ], id:620 }
   - { corners:[ [ 550., -350., 0. ], [ 650., -350., 0. ], [ 650., -250.,
       0. ], [ 550., -250., 0. ] ], id:686 }
   - { corners:[ [ -650., -230., 0. ], [ -550., -230., 0. ], [ -550.,
       -130., 0. ], [ -650., -130., 0. ] ], id:525 }
   - { corners:[ [ -530., -230., 0. ], [ -430., -230., 0. ], [ -430.,
       -130., 0. ], [ -530., -130., 0. ] ], id:1002 }
   - { corners:[ [ -410., -230., 0. ], [ -310., -230., 0. ], [ -310.,
       -130., 0. ], [ -410., -130., 0. ] ], id:343 }
   - { corners:[ [ -290., -230., 0. ], [ -190., -230., 0. ], [ -190.,
       -130., 0. ], [ -290., -130., 0. ] ], id:350 }
   - { corners:[ [ -170., -230., 0. ], [ -70., -230., 0. ], [ -70.,
       -130., 0. ], [ -170., -130., 0. ] ], id:218 }
   - { corners:[ [ -50., -230., 0. ], [ 50., -230., 0. ], [ 50., -130.,
       0. ], [ -50., -130., 0. ] ], id:201 }
   - { corners:[ [ 70., -230., 0. ], [ 170., -230., 0. ], [ 170., -130.,
       0. ], [ 70., -130., 0. ] ], id:109 }
   - { corners:[ [ 190., -230., 0. ], [ 290., -230., 0. ], [ 290., -130.,
       0. ], [ 190., -130., 0. ] ], id:959 }
   - { corners:[ [ 310., -230., 0. ], [ 410., -230., 0. ], [ 410., -130.,
       0. ], [ 310., -130., 0. ] ], id:850 }
   - { corners:[ [ 430., -230., 0. ], [ 530., -230., 0. ], [ 530., -130.,
       0. ], [ 430., -130., 0. ] ], id:627 }
   - { corners:[ [ 550., -230., 0. ], [ 650., -230., 0. ], [ 650., -130.,
       0. ], [ 550., -130., 0. ] ], id:402 }
   - { corners:[ [ -650., -110., 0. ], [ -550., -110., 0. ], [ -550.,
       -10., 0. ], [ -650., -10., 0. ] ], id:184 }
   - { corners:[ [ -530., -110., 0. ], [ -430., -110., 0. ], [ -430.,
       -10., 0. ], [ -530., -10., 0. ] ], id:693 }
   - { corners:[ [ -410., -110., 0. ], [ -310., -110., 0. ], [ -310.,
       -10., 0. ], [ -410., -10., 0. ] ], id:16 }
   - { corners:[ [ -290., -110., 0. ], [ -190., -110., 0. ], [ -190.,
       -10., 0. ], [ -290., -10., 0. ] ], id:741 }
   - { corners:[ [ -170., -110., 0. ], [ -70., -110., 0. ], [ -70., -10.,
       0. ], [ -170., -10., 0. ] ], id:242 }
   - { corners:[ [ -50., -110., 0. ], [ 50., -110., 0. ], [ 50., -10.,
       0. ], [ -50., -10., 0. ] ], id:309 }
   - { corners:[ [ 70., -110., 0. ], [ 170., -110., 0. ], [ 170., -10.,
       0. ], [ 70., -10., 0. ] ], id:573 }
   - { corners:[ [ 190., -110., 0. ], [ 290., -110., 0. ], [ 290., -10.,
       0. ], [ 190., -10., 0. ] ], id:775 }
   - { corners:[ [ 310., -110., 0. ], [ 410., -110., 0. ], [ 410., -10.,
       0. ], [ 310., -10., 0. ] ], id:531 }
   - { corners:[ [ 430., -110., 0. ], [ 530., -110., 0. ], [ 530., -10.,
       0. ], [ 430., -10., 0. ] ], id:58 }
   - { corners:[ [ 550., -110., 0. ], [ 650., -110., 0. ], [ 650., -10.,
       0. ], [ 550., -10., 0. ] ], id:763 }
   - { corners:[ [ -650., 10., 0. ], [ -550., 10., 0. ], [ -550., 110.,
       0. ], [ -650., 110., 0. ] ], id:671 }
   - { corners:[ [ -530., 10., 0. ], [ -430., 10., 0. ], [ -430., 110.,
       0. ], [ -530., 110., 0. ] ], id:243 }
   - { corners:[ [ -410., 10., 0. ], [ -310., 10., 0. ], [ -310., 110.,
       0. ], [ -410., 110., 0. ] ], id:984 }
   - { corners:[ [ -290., 10., 0. ], [ -190., 10., 0. ], [ -190., 110.,
       0. ], [ -290., 110., 0. ] ], id:731 }
   - { corners:[ [ -170., 10., 0. ], [ -70., 10., 0. ], [ -70., 110., 0. ],
       [ -170., 110., 0. ] ], id:214 }
   - { corners:[ [ -50., 10., 0. ], [ 50., 10., 0. ], [ 50., 110., 0. ],
       [ -50., 110., 0. ] ], id:144 }
   - { corners:[ [ 70., 10., 0. ], [ 170., 10., 0. ], [ 170., 110., 0. ],
       [ 70., 110., 0. ] ], id:540 }
   - { corners:[ [ 190., 10., 0. ], [ 290., 10., 0. ], [ 290., 110., 0. ],
       [ 190., 110., 0. ] ], id:689 }
   - { corners:[ [ 310., 10., 0. ], [ 410., 10., 0. ], [ 410., 110., 0. ],
       [ 310., 110., 0. ] ], id:745 }
   - { corners:[ [ 430., 10., 0. ], [ 530., 10., 0. ], [ 530., 110., 0. ],
       [ 430., 110., 0. ] ], id:717 }
   - { corners:[ [ 550., 10., 0. ], [ 650., 10., 0. ], [ 650., 110., 0. ],
       [ 550., 110., 0. ] ], id:389 }
   - { corners:[ [ -650., 130., 0. ], [ -550., 130., 0. ], [ -550., 230.,
       0. ], [ -650., 230., 0. ] ], id:169 }
   - { corners:[ [ -530., 130., 0. ], [ -430., 130., 0. ], [ -430., 230.,
       0. ], [ -530., 230., 0. ] ], id:922 }
   - { corners:[ [ -410., 130., 0. ], [ -310., 130., 0. ], [ -310., 230.,
       0. ], [ -410., 230., 0. ] ], id:888 }
   - { corners:[ [ -290., 130., 0. ], [ -190., 130., 0. ], [ -190., 230.,
       0. ], [ -290., 230., 0. ] ], id:529 }
   - { corners:[ [ -170., 130., 0. ], [ -70., 130., 0. ], [ -70., 230.,
       0. ], [ -170., 230., 0. ] ], id:223 }
   - { corners:[ [ -50., 130., 0. ], [ 50., 130., 0. ], [ 50., 230., 0. ],
       [ -50., 230., 0. ] ], id:470 }
   - { corners:[ [ 70., 130., 0. ], [ 170., 130., 0. ], [ 170., 230., 0. ],
       [ 70., 230., 0. ] ], id:674 }
   - { corners:[ [ 190., 130., 0. ], [ 290., 130., 0. ], [ 290., 230.,
       0. ], [ 190., 230., 0. ] ], id:906 }
   - { corners:[ [ 310., 130., 0. ], [ 410., 130., 0. ], [ 410., 230.,
       0. ], [ 310., 230., 0. ] ], id:776 }
   - { corners:[ [ 430., 130., 0. ], [ 530., 130., 0. ], [ 530., 230.,
       0. ], [ 430., 230., 0. ] ], id:456 }
   - { corners:[ [ 550., 130., 0. ], [ 650., 130., 0. ], [ 650., 230.,
       0. ], [ 550., 230., 0. ] ], id:0 }
   - { corners:[ [ -650., 250., 0. ], [ -550., 250., 0. ], [ -550., 350.,
       0. ], [ -650., 350., 0. ] ], id:735 }
